<Year,Year Days,Luna Day 1,Month Names,,,,,,,,,,,,,Month Days,,,,,,,,,,,,>
<1900,0,31,1,2,3,4,5,6,7,8,8,9,10,11,12,1,30,60,89,118,148,177,207,237,266,296,326,355>
<1901,366,415,1,2,3,4,5,6,7,8,9,10,11,12,0,1,30,60,89,118,148,177,207,236,266,296,326,355>
<1902,731,769,1,2,3,4,5,6,7,8,9,10,11,12,0,1,31,60,90,119,148,178,207,237,266,296,326,356>
<1903,1096,1124,1,2,3,4,5,5,6,7,8,9,10,11,12,1,30,60,89,119,148,177,207,236,265,295,325,354>
<1904,1461,1507,1,2,3,4,5,6,7,8,9,10,11,12,0,1,31,61,90,120,149,178,208,237,266,296,326,355>
<1905,1827,1861,1,2,3,4,5,6,7,8,9,10,11,12,0,1,31,61,90,120,150,179,208,238,267,297,326,356>
<1906,2192,2216,1,2,3,4,4,5,6,7,8,9,10,11,12,1,30,60,90,119,149,178,208,237,267,296,326,355>
<1907,2557,2600,1,2,3,4,5,6,7,8,9,10,11,12,0,1,30,60,89,119,148,178,208,237,267,296,326,355>
<1908,2922,2954,1,2,3,4,5,6,7,8,9,10,11,12,0,1,31,60,89,119,149,178,208,237,267,297,326,356>
<1909,3288,3309,1,2,2,3,4,5,6,7,8,9,10,11,12,1,30,60,89,118,148,177,207,236,266,296,326,355>
<1910,3653,3693,1,2,3,4,5,6,7,8,9,10,11,12,0,1,30,60,89,118,148,177,207,236,266,296,326,355>
<1911,4018,4047,1,2,3,4,5,6,6,7,8,9,10,11,12,1,31,60,90,119,148,178,207,236,266,296,325,355>
<1912,4383,4431,1,2,3,4,5,6,7,8,9,10,11,12,0,1,31,60,90,119,148,178,207,236,266,296,325,355>
<1913,4749,4785,1,2,3,4,5,6,7,8,9,10,11,12,0,1,31,61,90,120,149,178,208,237,266,296,325,355>
<1914,5114,5139,1,2,3,4,5,5,6,7,8,9,10,11,12,1,31,61,90,120,149,179,208,238,267,296,326,355>
<1915,5479,5523,1,2,3,4,5,6,7,8,9,10,11,12,0,1,31,60,90,120,149,179,208,238,267,297,326,355>
<1916,5844,5877,1,2,3,4,5,6,7,8,9,10,11,12,0,1,31,61,90,120,149,179,209,238,268,297,327,356>
<1917,6210,6232,1,2,2,3,4,5,6,7,8,9,10,11,12,1,31,60,89,119,148,178,208,237,267,297,326,356>
<1918,6575,6616,1,2,3,4,5,6,7,8,9,10,11,12,0,1,31,60,89,119,148,178,207,237,267,296,326,356>
<1919,6940,6971,1,2,3,4,5,6,7,7,8,9,10,11,12,1,30,60,89,118,148,177,206,236,266,295,325,355>
<1920,7305,7355,1,2,3,4,5,6,7,8,9,10,11,12,0,1,30,60,89,118,148,177,206,236,265,295,325,355>
<1921,7671,7709,1,2,3,4,5,6,7,8,9,10,11,12,0,1,31,60,90,119,148,178,207,236,266,295,325,355>
<1922,8036,8063,1,2,3,4,5,5,6,7,8,9,10,11,12,1,31,60,90,120,149,178,208,237,266,296,325,355>
<1923,8401,8447,1,2,3,4,5,6,7,8,9,10,11,12,0,1,30,60,90,119,149,178,208,237,266,296,325,355>
<1924,8766,8801,1,2,3,4,5,6,7,8,9,10,11,12,0,1,30,60,90,119,149,179,208,238,267,297,326,355>
<1925,9132,9155,1,2,3,4,4,5,6,7,8,9,10,11,12,1,31,60,90,119,149,179,208,238,268,297,327,356>
<1926,9497,9540,1,2,3,4,5,6,7,8,9,10,11,12,0,1,30,59,89,118,148,177,207,237,266,296,326,355>
<1927,9862,9894,1,2,3,4,5,6,7,8,9,10,11,12,0,1,31,60,89,119,148,178,207,237,266,296,326,356>
<1928,10227,10249,1,2,2,3,4,5,6,7,8,9,10,11,12,1,30,60,89,118,148,177,206,236,265,295,325,355>
<1929,10593,10633,1,2,3,4,5,6,7,8,9,10,11,12,0,1,30,60,89,118,148,177,206,236,265,295,325,355>
<1930,10958,10987,1,2,3,4,5,6,6,7,8,9,10,11,12,1,30,60,90,119,148,178,207,236,266,295,325,355>
<1931,11323,11370,1,2,3,4,5,6,7,8,9,10,11,12,0,1,31,61,90,120,149,179,208,237,267,296,326,355>
<1932,11688,11724,1,2,3,4,5,6,7,8,9,10,11,12,0,1,31,61,91,120,150,179,209,238,267,297,326,356>
<1933,12054,12079,1,2,3,4,5,5,6,7,8,9,10,11,12,1,30,60,90,119,149,178,208,238,267,297,326,355>
<1934,12419,12463,1,2,3,4,5,6,7,8,9,10,11,12,0,1,30,60,89,119,149,178,208,237,267,297,326,356>
<1935,12784,12818,1,2,3,4,5,6,7,8,9,10,11,12,0,1,30,59,89,118,148,177,207,237,266,296,326,355>
<1936,13149,13172,1,2,3,3,4,5,6,7,8,9,10,11,12,1,31,60,89,119,148,177,207,237,266,296,326,356>
<1937,13515,13556,1,2,3,4,5,6,7,8,9,10,11,12,0,1,31,60,89,119,148,177,207,236,266,296,326,355>
<1938,13880,13910,1,2,3,4,5,6,7,7,8,9,10,11,12,1,31,61,90,119,149,178,207,237,266,296,326,355>
<1939,14245,14294,1,2,3,4,5,6,7,8,9,10,11,12,0,1,31,61,90,119,149,178,207,237,266,296,325,355>
<1940,14610,14648,1,2,3,4,5,6,7,8,9,10,11,12,0,1,31,61,90,120,149,179,208,237,267,296,326,355>
<1941,14976,15002,1,2,3,4,5,6,6,7,8,9,10,11,12,1,31,61,90,120,150,179,209,238,267,297,326,356>
<1942,15341,15386,1,2,3,4,5,6,7,8,9,10,11,12,0,1,31,60,90,120,149,179,208,238,267,297,326,356>
<1943,15706,15741,1,2,3,4,5,6,7,8,9,10,11,12,0,1,30,60,89,119,148,178,208,237,267,296,326,355>
<1944,16071,16095,1,2,3,4,4,5,6,7,8,9,10,11,12,1,31,60,90,119,149,178,208,237,267,297,326,356>
<1945,16437,16480,1,2,3,4,5,6,7,8,9,10,11,12,0,1,30,59,89,118,147,177,206,236,266,296,325,355>
<1946,16802,16834,1,2,3,4,5,6,7,8,9,10,11,12,0,1,31,60,89,119,148,177,207,236,266,296,325,355>
<1947,17167,17188,1,2,2,3,4,5,6,7,8,9,10,11,12,1,31,61,90,119,149,178,207,237,266,296,325,355>
<1948,17532,17572,1,2,3,4,5,6,7,8,9,10,11,12,0,1,31,60,90,119,149,178,207,237,266,296,325,355>
<1949,17898,17926,1,2,3,4,5,6,7,7,8,9,10,11,12,1,31,60,90,120,149,179,208,237,267,296,326,355>
<1950,18263,18310,1,2,3,4,5,6,7,8,9,10,11,12,0,1,30,60,90,119,149,179,208,237,267,296,326,355>
<1951,18628,18664,1,2,3,4,5,6,7,8,9,10,11,12,0,1,31,60,90,120,149,179,208,238,267,297,326,356>
<1952,18993,19019,1,2,3,4,5,5,6,7,8,9,10,11,12,1,30,60,89,119,148,178,207,237,267,296,326,355>
<1953,19359,19403,1,2,3,4,5,6,7,8,9,10,11,12,0,1,30,60,89,118,148,178,207,237,267,296,326,355>
<1954,19724,19757,1,2,3,4,5,6,7,8,9,10,11,12,0,1,31,60,90,119,148,178,207,237,267,296,326,356>
<1955,20089,20112,1,2,3,3,4,5,6,7,8,9,10,11,12,1,30,60,89,119,148,177,207,236,266,295,325,355>
<1956,20454,20496,1,2,3,4,5,6,7,8,9,10,11,12,0,1,30,60,89,119,148,177,207,236,266,295,325,355>
<1957,20820,20850,1,2,3,4,5,6,7,8,8,9,10,11,12,1,31,60,90,119,149,178,207,237,266,296,325,355>
<1958,21185,21233,1,2,3,4,5,6,7,8,9,10,11,12,0,1,31,61,91,120,150,179,208,238,267,297,326,356>
<1959,21550,21588,1,2,3,4,5,6,7,8,9,10,11,12,0,1,30,60,90,119,149,178,208,237,267,296,326,355>
<1960,21915,21942,1,2,3,4,5,6,6,7,8,9,10,11,12,1,31,60,90,119,149,179,208,238,267,297,326,356>
<1961,22281,22326,1,2,3,4,5,6,7,8,9,10,11,12,0,1,31,60,90,119,149,178,208,238,267,297,326,356>
<1962,22646,22681,1,2,3,4,5,6,7,8,9,10,11,12,0,1,30,60,89,118,148,177,207,237,266,296,326,355>
<1963,23011,23035,1,2,3,4,4,5,6,7,8,9,10,11,12,1,31,60,90,119,148,178,207,237,266,296,326,356>
<1964,23376,23419,1,2,3,4,5,6,7,8,9,10,11,12,0,1,31,60,90,119,148,178,207,237,266,296,326,356>
<1965,23742,23774,1,2,3,4,5,6,7,8,9,10,11,12,0,1,30,60,89,119,148,177,207,236,265,295,325,354>
<1966,24107,24127,1,2,3,3,4,5,6,7,8,9,10,11,12,1,31,61,91,120,150,179,208,238,267,296,326,356>
<1967,24472,24511,1,2,3,4,5,6,7,8,9,10,11,12,0,1,31,61,90,120,150,179,208,238,267,297,326,356>
<1968,24837,24866,1,2,3,4,5,6,7,7,8,9,10,11,12,1,30,60,89,119,149,178,208,237,267,296,326,355>
<1969,25203,25250,1,2,3,4,5,6,7,8,9,10,11,12,0,1,30,60,89,119,148,178,208,237,267,296,326,355>
<1970,25568,25604,1,2,3,4,5,6,7,8,9,10,11,12,0,1,31,60,89,119,148,178,208,237,267,297,326,356>
<1971,25933,25959,1,2,3,4,5,5,6,7,8,9,10,11,12,1,30,60,89,118,148,177,207,236,266,296,326,355>
<1972,26298,26343,1,2,3,4,5,6,7,8,9,10,11,12,0,1,30,60,89,118,148,177,207,236,266,296,325,355>
<1973,26664,26697,1,2,3,4,5,6,7,8,9,10,11,12,0,1,31,60,90,119,148,178,207,236,266,296,325,355>
<1974,27029,27051,1,2,3,4,4,5,6,7,8,9,10,11,12,1,31,61,90,120,149,178,208,237,266,296,326,355>
<1975,27394,27435,1,2,3,4,5,6,7,8,9,10,11,12,0,1,31,61,90,120,149,178,208,237,266,296,325,355>
<1976,27759,27789,1,2,3,4,5,6,7,8,8,9,10,11,12,1,31,61,90,120,149,179,208,238,267,296,326,355>
<1977,28125,28173,1,2,3,4,5,6,7,8,9,10,11,12,0,1,31,60,90,120,149,179,208,238,267,297,326,355>
<1978,28490,28527,1,2,3,4,5,6,7,8,9,10,11,12,0,1,31,60,90,120,149,179,209,238,268,297,327,356>
<1979,28855,28882,1,2,3,4,5,6,6,7,8,9,10,11,12,1,31,60,89,119,148,178,208,237,267,297,326,356>
<1980,29220,29266,1,2,3,4,5,6,7,8,9,10,11,12,0,1,31,60,89,119,148,178,207,237,267,296,326,356>
<1981,29586,29621,1,2,3,4,5,6,7,8,9,10,11,12,0,1,30,60,89,118,148,177,206,236,266,295,325,355>
<1982,29951,29975,1,2,3,4,4,5,6,7,8,9,10,11,12,1,31,60,90,119,148,178,207,236,266,295,325,355>
<1983,30316,30359,1,2,3,4,5,6,7,8,9,10,11,12,0,1,31,60,90,119,148,178,207,236,266,295,325,355>
<1984,30681,30713,1,2,3,4,5,6,7,8,9,10,10,11,12,1,31,60,90,120,149,178,208,237,266,296,325,355>
<1985,31047,31097,1,2,3,4,5,6,7,8,9,10,11,12,0,1,30,60,90,119,149,178,208,237,266,296,325,355>
<1986,31412,31451,1,2,3,4,5,6,7,8,9,10,11,12,0,1,30,60,90,119,149,179,208,238,267,297,326,355>
<1987,31777,31805,1,2,3,4,5,6,6,7,8,9,10,11,12,1,31,60,90,119,149,179,208,238,268,297,327,356>
<1988,32142,32189,1,2,3,4,5,6,7,8,9,10,11,12,0,1,31,60,90,119,149,178,208,238,267,297,327,356>
<1989,32508,32544,1,2,3,4,5,6,7,8,9,10,11,12,0,1,31,60,89,119,148,178,207,237,266,296,326,356>
<1990,32873,32899,1,2,3,4,5,5,6,7,8,9,10,11,12,1,30,60,89,118,148,177,206,236,265,295,325,355>
<1991,33238,33283,1,2,3,4,5,6,7,8,9,10,11,12,0,1,30,60,89,118,148,177,206,236,265,295,325,355>
<1992,33603,33637,1,2,3,4,5,6,7,8,9,10,11,12,0,1,30,60,90,119,148,178,207,236,266,295,325,355>
<1993,33969,33991,1,2,3,3,4,5,6,7,8,9,10,11,12,1,30,60,90,119,149,178,208,237,266,296,325,355>
<1994,34334,34374,1,2,3,4,5,6,7,8,9,10,11,12,0,1,31,61,91,120,150,179,209,238,267,297,326,356>
<1995,34699,34729,1,2,3,4,5,6,7,8,8,9,10,11,12,1,30,60,90,119,149,178,208,238,267,296,326,355>
<1996,35064,35113,1,2,3,4,5,6,7,8,9,10,11,12,0,1,30,60,89,119,148,178,207,237,267,297,326,355>
<1997,35430,35467,1,2,3,4,5,6,7,8,9,10,11,12,0,1,31,60,90,119,149,178,208,238,267,297,327,356>
<1998,35795,35822,1,2,3,4,5,5,6,7,8,9,10,11,12,1,31,60,89,119,148,177,207,237,266,296,326,355>
<1999,36160,36206,1,2,3,4,5,6,7,8,9,10,11,12,0,1,31,60,89,119,148,177,207,236,266,296,326,355>
<2000,36525,36560,1,2,3,4,5,6,7,8,9,10,11,12,0,1,31,61,90,119,149,178,207,237,266,296,326,355>
<2001,36891,36914,1,2,3,4,4,5,6,7,8,9,10,11,12,1,31,61,90,120,149,179,208,237,267,296,326,355>
<2002,37256,37298,1,2,3,4,5,6,7,8,9,10,11,12,0,1,31,61,90,120,149,179,208,237,267,296,326,355>
<2003,37621,37652,1,2,3,4,5,6,7,8,9,10,11,12,0,1,31,61,90,120,150,179,209,238,267,297,326,356>
<2004,37986,38007,1,2,2,3,4,5,6,7,8,9,10,11,12,1,30,60,89,119,149,178,208,237,267,296,326,355>
<2005,38352,38391,1,2,3,4,5,6,7,8,9,10,11,12,0,1,30,60,89,119,148,178,208,237,267,296,326,355>
<2006,38717,38745,1,2,3,4,5,6,7,7,8,9,10,11,12,1,31,60,90,119,149,178,208,237,267,297,326,356>
<2007,39082,39130,1,2,3,4,5,6,7,8,9,10,11,12,0,1,30,59,89,118,147,177,206,236,266,296,325,355>
<2008,39447,39484,1,2,3,4,5,6,7,8,9,10,11,12,0,1,31,60,89,119,148,177,207,236,266,296,325,355>
<2009,39813,39838,1,2,3,4,5,5,6,7,8,9,10,11,12,1,31,61,90,119,149,178,207,237,266,296,325,355>
<2010,40178,40222,1,2,3,4,5,6,7,8,9,10,11,12,0,1,31,60,90,119,149,178,207,237,266,296,325,355>
<2011,40543,40576,1,2,3,4,5,6,7,8,9,10,11,12,0,1,31,60,90,120,149,179,208,237,267,296,326,355>
<2012,40908,40930,1,2,3,4,4,5,6,7,8,9,10,11,12,1,31,60,90,120,149,179,208,238,267,297,326,356>
<2013,41274,41314,1,2,3,4,5,6,7,8,9,10,11,12,0,1,31,60,90,119,149,179,208,238,267,297,326,356>
<2014,41639,41669,1,2,3,4,5,6,7,8,9,9,10,11,12,1,30,60,89,119,148,178,207,237,267,296,326,355>
<2015,42004,42053,1,2,3,4,5,6,7,8,9,10,11,12,0,1,30,60,89,118,148,177,207,237,267,296,326,355>
<2016,42369,42407,1,2,3,4,5,6,7,8,9,10,11,12,0,1,31,60,90,119,148,178,207,237,267,296,326,356>
<2017,42735,42762,1,2,3,4,5,6,6,7,8,9,10,11,12,1,30,60,89,119,148,177,207,236,266,295,325,355>
<2018,43100,43146,1,2,3,4,5,6,7,8,9,10,11,12,0,1,30,60,89,119,148,177,207,236,266,295,325,355>
<2019,43465,43500,1,2,3,4,5,6,7,8,9,10,11,12,0,1,31,60,90,119,149,178,207,237,266,295,325,355>
<2020,43830,43854,1,2,3,4,4,5,6,7,8,9,10,11,12,1,30,60,90,120,149,179,208,237,267,296,326,355>
<2021,44196,44238,1,2,3,4,5,6,7,8,9,10,11,12,0,1,30,60,90,119,149,178,208,237,267,296,326,355>
<2022,44561,44592,1,2,3,4,5,6,7,8,9,10,11,12,0,1,31,60,90,119,149,179,208,238,267,297,326,356>
<2023,44926,44947,1,2,2,3,4,5,6,7,8,9,10,11,12,1,30,60,89,118,148,178,207,237,267,296,326,355>
<2024,45291,45331,1,2,3,4,5,6,7,8,9,10,11,12,0,1,30,60,89,118,148,177,207,237,266,296,326,355>
<2025,45657,45685,1,2,3,4,5,6,6,7,8,9,10,11,12,1,31,60,90,119,148,178,207,237,266,296,326,356>
<2026,46022,46069,1,2,3,4,5,6,7,8,9,10,11,12,0,1,31,60,90,119,148,178,207,236,266,296,326,355>
<2027,46387,46423,1,2,3,4,5,6,7,8,9,10,11,12,0,1,31,61,90,120,149,178,208,237,266,296,326,355>
<2028,46752,46777,1,2,3,4,5,5,6,7,8,9,10,11,12,1,31,61,91,120,150,179,208,238,267,296,326,356>
<2029,47118,47161,1,2,3,4,5,6,7,8,9,10,11,12,0,1,31,61,90,120,149,179,208,238,267,296,326,356>
<2030,47483,47516,1,2,3,4,5,6,7,8,9,10,11,12,0,1,30,60,89,119,149,178,208,237,267,296,326,355>
<2031,47848,47870,1,2,3,3,4,5,6,7,8,9,10,11,12,1,30,60,90,119,149,178,208,238,267,297,326,356>
<2032,48213,48254,1,2,3,4,5,6,7,8,9,10,11,12,0,1,31,60,89,119,148,178,208,237,267,297,326,356>
<2033,48579,48609,1,2,3,4,5,6,7,7,8,9,10,11,12,1,30,60,89,118,148,177,207,236,266,296,326,355>
<2034,48944,48993,1,2,3,4,5,6,7,8,9,10,11,12,0,1,30,60,89,118,148,177,207,236,266,296,325,355>
<2035,49309,49347,1,2,3,4,5,6,7,8,9,10,11,12,0,1,31,60,90,119,148,178,207,236,266,296,325,355>
<2036,49674,49701,1,2,3,4,5,6,6,7,8,9,10,11,12,1,31,61,90,120,149,178,208,237,266,296,325,355>
<2037,50040,50085,1,2,3,4,5,6,7,8,9,10,11,12,0,1,31,61,90,120,149,178,208,237,266,296,325,355>
<2038,50405,50439,1,2,3,4,5,6,7,8,9,10,11,12,0,1,31,61,90,120,149,179,208,238,267,296,326,355>
<2039,50770,50793,1,2,3,4,5,5,6,7,8,9,10,11,12,1,31,61,90,120,150,179,209,238,268,297,327,356>
<2040,51135,51177,1,2,3,4,5,6,7,8,9,10,11,12,0,1,31,60,90,120,149,179,208,238,268,297,327,356>
<2041,51501,51532,1,2,3,4,5,6,7,8,9,10,11,12,0,1,30,60,89,119,148,178,208,237,267,297,326,356>
<2042,51866,51887,1,2,2,3,4,5,6,7,8,9,10,11,12,1,30,60,89,118,148,177,207,236,266,296,325,355>
<2043,52231,52271,1,2,3,4,5,6,7,8,9,10,11,12,0,1,30,60,89,118,148,177,206,236,266,295,325,355>
<2044,52596,52625,1,2,3,4,5,6,7,7,8,9,10,11,12,1,31,60,90,119,148,178,207,236,266,295,325,355>
<2045,52962,53009,1,2,3,4,5,6,7,8,9,10,11,12,0,1,31,60,90,119,148,178,207,236,266,295,325,355>
<2046,53327,53363,1,2,3,4,5,6,7,8,9,10,11,12,0,1,31,60,90,119,149,178,208,237,266,296,325,355>
<2047,53692,53717,1,2,3,4,5,5,6,7,8,9,10,11,12,1,31,60,90,120,149,179,208,238,267,296,326,355>
<2048,54057,54101,1,2,3,4,5,6,7,8,9,10,11,12,0,1,30,60,90,119,149,179,208,238,267,296,326,355>
<2049,54423,54455,1,2,3,4,5,6,7,8,9,10,11,12,0,1,31,60,90,119,149,179,208,238,268,297,327,356>
<2050,54788,54810,1,2,3,3,4,5,6,7,8,9,10,11,12,1,30,60,89,119,148,178,207,237,267,296,326,356>
